A=zeros(200,200);
A(50:100,100:150)=1;
A(1:50,1:50)=0.5;


